time;Lat;Lon;length;width;min_zeta_850;min_hgt_850;max_wind_850
2005-08-09-0000;-22.5;-45.0;15.0;15.0;-0.00019626979919082352;1449.5751925988998;17.380952819185513
2005-08-09-0100;-22.5;-45.0;15.0;15.0;-0.00020682228528943574;1450.8263365930263;18.0061149862727
2005-08-09-0200;-22.5;-45.0;15.0;15.0;-0.00022408260424647644;1454.7239628211469;19.05645914005147
2005-08-09-0300;-22.5;-45.0;15.0;15.0;-0.0002333614253411778;1459.2174857112266;19.537022197217702
2005-08-09-0400;-22.5;-45.0;15.0;15.0;-0.00025464999751843414;1464.3495262143547;19.68621989218335
2005-08-09-0500;-22.5;-45.0;15.0;15.0;-0.0002564006450419163;1467.676350359195;20.065999441518684
2005-08-09-0600;-22.5;-45.0;15.0;15.0;-0.000253198966262422;1472.2730398505096;19.73513387781039
2005-08-09-0700;-22.5;-45.0;15.0;15.0;-0.00024693952257447496;1481.1059332187854;19.877918045038896
2005-08-09-0800;-22.5;-45.0;15.0;15.0;-0.00025497439018342527;1488.1806127729653;20.909231050010096
2005-08-09-0900;-22.5;-45.0;15.0;15.0;-0.00024806098860620805;1495.4795502286715;21.799242341490043
2005-08-09-1000;-22.5;-45.0;15.0;15.0;-0.00024437829695939106;1502.875679385927;21.764569923484384
2005-08-09-1100;-22.5;-45.0;15.0;15.0;-0.00022807927646244333;1511.9045494638842;22.8911049161337
2005-08-09-1200;-22.5;-45.0;15.0;15.0;-0.00023548960998470055;1521.02423801706;23.5155796710101
2005-08-09-1300;-22.5;-45.0;15.0;15.0;-0.00025262991516677763;1526.7752781275972;23.541424378429536
2005-08-09-1400;-22.5;-45.0;15.0;15.0;-0.00024547922280019013;1528.9365985071356;23.886302469190603
2005-08-09-1500;-22.5;-45.0;15.0;15.0;-0.00024514311042914003;1527.2835429275033;23.338285753575324
2005-08-09-1600;-22.5;-45.0;15.0;15.0;-0.00024369175474248827;1521.3763587718538;24.283360768787684
2005-08-09-1700;-22.5;-45.0;15.0;15.0;-0.0002410934752656705;1514.9995475009305;24.706854301552156
2005-08-09-1800;-22.5;-45.0;15.0;15.0;-0.00026297062731915914;1508.8438075183678;24.412446438446175
2005-08-09-1900;-22.5;-45.0;15.0;15.0;-0.0003064175763895098;1505.694637057507;24.980858305966798
2005-08-09-2000;-22.5;-45.0;15.0;15.0;-0.0003252991258650765;1502.3443116405706;25.71832748594503
2005-08-09-2100;-22.5;-45.0;15.0;15.0;-0.0003030102155376532;1497.3763817154686;27.436332143686798
2005-08-09-2200;-22.5;-45.0;15.0;15.0;-0.00030368650695742174;1497.688669805693;28.464440017917845
2005-08-09-2300;-22.5;-45.0;15.0;15.0;-0.0002711576266792257;1493.7739155318077;28.083283670295728
2005-08-10-0000;-22.5;-45.0;15.0;15.0;-0.00023105189796358892;1492.013311757838;28.40015442468591
2005-08-10-0100;-22.5;-45.0;15.0;15.0;-0.00021084229238590806;1481.901789856883;29.4347746307546
2005-08-10-0200;-22.5;-45.0;15.0;15.0;-0.00019348555697026857;1475.546488224827;30.708363558163914
2005-08-10-0300;-27.0;-45.0;15.0;15.0;-0.0001831574326946157;1469.3740185231452;31.402198761400232
2005-08-10-0400;-27.0;-45.0;15.0;15.0;-0.00016033688514571193;1462.3965306705145;31.31668747998996
2005-08-10-0500;-27.0;-45.0;15.0;15.0;-0.00017541315659558803;1456.4682352026432;31.112245619572104
2005-08-10-0600;-27.0;-45.0;15.0;15.0;-0.00016499578258555176;1448.7458765225638;31.387204870746835
2005-08-10-0700;-27.0;-45.0;15.0;15.0;-0.00016778994405002357;1445.2266606078529;30.053038018616125
2005-08-10-0800;-27.0;-45.0;15.0;15.0;-0.00016280051195284337;1447.6763694788742;29.563263995049482
2005-08-10-0900;-27.5;-45.0;15.0;15.0;-0.00015739340444312559;1451.5795722800347;28.71199139516208
2005-08-10-1000;-27.5;-45.0;15.0;15.0;-0.00014775304522583136;1460.3817944965917;29.97808342758007
2005-08-10-1100;-27.5;-45.0;15.0;15.0;-0.00013604801559104806;1461.505473964096;28.360489666874823
2005-08-10-1200;-27.5;-45.0;15.0;15.0;-0.00014103213722742688;1466.8896552339486;27.75229966470253
2005-08-10-1300;-27.5;-45.0;15.0;15.0;-0.0001295403082546465;1471.9575651471196;26.63383986494167
2005-08-10-1400;-27.5;-45.0;15.0;15.0;-0.00012899240257632742;1473.3604715932556;24.55497255488508
2005-08-10-1500;-27.5;-45.0;15.0;15.0;-0.0001343955039274302;1468.3993132211306;24.891232958834127
2005-08-10-1600;-27.5;-45.0;15.0;15.0;-0.00012284436368887003;1463.31746187536;25.196795002224214
2005-08-10-1700;-27.5;-45.0;15.0;15.0;-0.0001430744587708291;1458.1495719741197;25.339344372219937
2005-08-10-1800;-27.5;-45.0;15.0;15.0;-0.00015356577197967797;1453.6660072501822;23.36521801034797
2005-08-10-1900;-27.5;-45.0;15.0;15.0;-0.00016942197697845758;1453.500701692219;22.790916045342033
2005-08-10-2000;-27.5;-45.0;15.0;15.0;-0.00016305651111809188;1451.6759673282927;22.750406733752286
2005-08-10-2100;-28.0;-45.0;15.0;15.0;-0.00014440536277694055;1452.7255580396977;22.095373491843002
2005-08-10-2200;-28.0;-45.0;15.0;15.0;-0.00012099116195192411;1463.801428749879;21.260080594160687
2005-08-10-2300;-28.0;-45.0;15.0;15.0;-0.00010818087137498954;1466.2778255061617;21.957467531565612
2005-08-11-0000;-28.0;-45.0;15.0;15.0;-0.0001074144042666001;1469.1609137676985;21.483291717810275
2005-08-11-0100;-28.0;-45.0;15.0;15.0;-0.0001298979693360786;1469.3126762197082;21.79189187023998
2005-08-11-0200;-28.0;-45.0;15.0;15.0;-0.00015104882080527984;1473.3397586076796;22.103204039641785
2005-08-11-0300;-29.0;-45.0;15.0;15.0;-0.00018197993324846044;1473.1178906660277;23.34855320240733
2005-08-11-0400;-29.0;-45.0;15.0;15.0;-0.00019749094463799015;1471.641293790438;23.844562564876167
2005-08-11-0500;-29.0;-45.0;15.0;15.0;-0.00019752596023953292;1470.4256008677785;22.86676990523624
2005-08-11-0600;-29.0;-45.0;15.0;15.0;-0.0001857161130076049;1467.1696788658717;24.052183445596608
2005-08-11-0700;-29.0;-45.0;15.0;15.0;-0.00016857334586136807;1466.9326745116834;24.88696733674975
2005-08-11-0800;-29.0;-45.0;15.0;15.0;-0.00015018574186032035;1469.550078900542;25.168766746743994
2005-08-11-0900;-29.0;-45.0;15.0;15.0;-0.00013526624821712629;1470.4526870796858;23.95598412043394
2005-08-11-1000;-29.0;-45.0;15.0;15.0;-0.00012436552397428327;1476.9219101324102;23.67578035110667
2005-08-11-1100;-29.0;-45.0;15.0;15.0;-0.00011429122918575996;1481.0784486802324;24.203220462330872
2005-08-11-1200;-29.0;-45.0;15.0;15.0;-0.00011694943159802076;1484.9724899685418;25.30465210105918
2005-08-11-1300;-29.0;-45.0;15.0;15.0;-8.638132003965549e-05;1486.5689831644854;26.078771929879817
2005-08-11-1400;-29.0;-45.0;15.0;15.0;-8.476936141712076e-05;1483.3939214716545;26.627523398820927
2005-08-11-1500;-30.0;-45.0;15.0;15.0;-8.17140884738388e-05;1483.299518056625;26.907151727988886
2005-08-11-1600;-30.0;-45.0;15.0;15.0;-8.349311446953442e-05;1476.799623852182;27.22795756657671
2005-08-11-1700;-30.0;-45.0;15.0;15.0;-9.464126300576706e-05;1473.4504934151826;27.07862418782838
2005-08-11-1800;-30.0;-45.0;15.0;15.0;-9.130766805048011e-05;1470.0563520672197;26.653870921513956
2005-08-11-1900;-30.0;-45.0;15.0;15.0;-8.856803166338082e-05;1471.859178465633;25.35398172987334
2005-08-11-2000;-30.0;-45.0;15.0;15.0;-7.116379701478445e-05;1470.6809282476688;25.8965841102769
2005-08-11-2100;-30.0;-45.0;15.0;15.0;-7.939122787055752e-05;1472.9995876522564;26.657822055711982
2005-08-11-2200;-30.0;-45.0;15.0;15.0;-9.987383424525729e-05;1474.4622430952468;24.484625286279194
2005-08-11-2300;-30.0;-45.0;15.0;15.0;-0.0001214535221053113;1479.8412461187052;24.164926260139367
2005-08-12-0000;-30.0;-45.0;15.0;15.0;-0.00012322208027664466;1479.6301329964872;26.60919550779871
2005-08-12-0100;-30.0;-45.0;15.0;15.0;-9.206695378515324e-05;1477.808983572372;29.770805417791788
2005-08-12-0200;-30.0;-45.0;15.0;15.0;-7.166103766459566e-05;1477.786677280213;31.37823215762276
2005-08-12-0300;-32.5;-42.5;15.0;15.0;-5.9135203544887144e-05;1477.3556878495715;31.28400833121431
2005-08-12-0400;-32.5;-42.5;15.0;15.0;-8.002634945745284e-05;1474.3913409523132;30.005002070082078
2005-08-12-0500;-32.5;-42.5;15.0;15.0;-6.571643548625046e-05;1470.7908664018805;30.032157366813884
2005-08-12-0600;-32.5;-42.5;15.0;15.0;-7.383284988997402e-05;1468.2419741960814;29.701364529388357
2005-08-12-0700;-32.5;-42.5;15.0;15.0;-9.489585705159853e-05;1463.686710675919;29.402453110105576
2005-08-12-0800;-32.5;-42.5;15.0;15.0;-0.00010861483743417795;1466.9549808038423;28.715629863593954
2005-08-12-0900;-32.5;-44.0;15.0;15.0;-0.00010848669523806608;1464.9099718048467;28.365253848798933
2005-08-12-1000;-32.5;-44.0;15.0;15.0;-0.00013961654667754675;1472.4726015000026;27.36664480820026
2005-08-12-1100;-32.5;-44.0;15.0;15.0;-0.00017016924696110425;1476.394127326865;27.002570448767802
2005-08-12-1200;-32.5;-44.0;15.0;15.0;-0.00017453769113311425;1481.7834868431116;27.244635859711995
2005-08-12-1300;-32.5;-44.0;15.0;15.0;-0.00016025431001277915;1477.1143019022807;27.10054847571753
2005-08-12-1400;-32.5;-44.0;15.0;15.0;-0.00012536547480840373;1472.3574850993969;26.830637166907014
2005-08-12-1500;-32.5;-42.5;15.0;15.0;-0.00012277504176497664;1465.9093733588943;27.118901482297975
2005-08-12-1600;-32.5;-42.5;15.0;15.0;-0.0001181251093197877;1457.7807215002065;27.901257674645453
2005-08-12-1700;-32.5;-42.5;15.0;15.0;-0.00010752341681132771;1454.6670021108127;28.241377951438547
2005-08-12-1800;-32.5;-42.5;15.0;15.0;-9.667777006980149e-05;1446.6857311110318;27.261087499338164
2005-08-12-1900;-32.5;-42.5;15.0;15.0;-0.00010291401147278653;1444.1555602575804;26.08872758322252
2005-08-12-2000;-32.5;-42.5;15.0;15.0;-0.0001127231696650323;1440.251162476483;24.356695250783538
2005-08-12-2100;-35.0;-42.5;15.0;15.0;-0.00012063272513506188;1439.3445710308822;24.188782453922602
2005-08-12-2200;-35.0;-42.5;15.0;15.0;-0.00010892685842171378;1443.58754646082;23.311971011290158
2005-08-12-2300;-35.0;-42.5;15.0;15.0;-0.00012143344605517271;1440.095815084662;23.87580749459544
2005-08-13-0000;-35.0;-42.5;15.0;15.0;-0.00012675085372937625;1439.734532817017;24.77883884875652
2005-08-13-0100;-35.0;-42.5;15.0;15.0;-0.00013528452185930604;1438.915971560115;24.203728967277335
2005-08-13-0200;-35.0;-42.5;15.0;15.0;-0.000134078537717579;1441.1290744035937;23.543745187401896
2005-08-13-0300;-35.0;-42.5;15.0;15.0;-0.0001623177248819414;1439.5357678208156;23.850224977537682
2005-08-13-0400;-35.0;-42.5;15.0;15.0;-0.0001447942680065959;1437.2179050695192;24.13618999317463
2005-08-13-0500;-35.0;-42.5;15.0;15.0;-0.000121709505168132;1438.0042018681202;24.607883961415695
2005-08-13-0600;-35.0;-42.5;15.0;15.0;-9.701237729358158e-05;1436.692512223848;24.67343622523606
2005-08-13-0700;-35.0;-42.5;15.0;15.0;-8.931842033011727e-05;1434.4841893001178;23.810583932642167
2005-08-13-0800;-35.0;-42.5;15.0;15.0;-0.00012499059601238198;1438.5491127194302;24.082355236403696
2005-08-13-0900;-36.0;-42.5;15.0;15.0;-8.835591919472877e-05;1444.9697399213799;22.82270677688612
2005-08-13-1000;-36.0;-42.5;15.0;15.0;-9.155117297082562e-05;1450.9996086839033;22.507321590942112
2005-08-13-1100;-36.0;-42.5;15.0;15.0;-9.785714525392095e-05;1454.4244211835846;21.703681265856186
2005-08-13-1200;-36.0;-42.5;15.0;15.0;-0.00011258672132984916;1458.458275124533;21.096007593531947
2005-08-13-1300;-36.0;-42.5;15.0;15.0;-0.00012421476849107355;1457.0509870852943;20.879898940722832
2005-08-13-1400;-36.0;-42.5;15.0;15.0;-0.00013862826284203672;1458.2463653490236;21.603485669056735
2005-08-13-1500;-36.0;-42.5;15.0;15.0;-0.00015617700027431382;1457.8966345541037;22.297745255821155
2005-08-13-1600;-36.0;-42.5;15.0;15.0;-0.00016479316373665842;1458.0834497509345;22.217102759686878
2005-08-13-1700;-36.0;-42.5;15.0;15.0;-0.00016205413116546848;1457.262498534158;21.04491770903597
2005-08-13-1800;-36.0;-42.5;15.0;15.0;-0.00014939833234872858;1458.429595606043;20.765106646827512
2005-08-13-1900;-36.0;-42.5;15.0;15.0;-0.00014367171993057685;1458.3383788041788;20.032599987776365
2005-08-13-2000;-36.0;-42.5;15.0;15.0;-0.00014377431652331577;1460.077871265927;19.256956215386154
2005-08-13-2100;-35.0;-42.5;15.0;15.0;-0.0001477088686678974;1457.2146993366746;19.363711833260684
2005-08-13-2200;-35.0;-42.5;15.0;15.0;-0.0001284517627242724;1456.1651086252696;19.71615958143325
2005-08-13-2300;-35.0;-42.5;15.0;15.0;-0.0001334896408462865;1460.708422346061;20.50436473235225
2005-08-14-0000;-35.0;-42.5;15.0;15.0;-0.000136197580662425;1463.020310197672;20.71258790475257
2005-08-14-0100;-35.0;-42.5;15.0;15.0;-0.00013422810565515218;1464.8199499829198;20.96575581951995
2005-08-14-0200;-35.0;-42.5;15.0;15.0;-0.00011947976281100678;1464.474202454457;21.187144000938574
2005-08-14-0300;-35.0;-42.5;15.0;15.0;-0.0001229318553879865;1467.7329127428839;21.331238486039037
2005-08-14-0400;-35.0;-42.5;15.0;15.0;-0.0001488057853894394;1468.500488189137;21.32098535537327
2005-08-14-0500;-35.0;-42.5;15.0;15.0;-0.00015573388841238573;1470.0503771675344;20.76493992245111
2005-08-14-0600;-35.0;-42.5;15.0;15.0;-0.00013394778187688107;1470.0013829901138;19.9465314325691
2005-08-14-0700;-35.0;-42.5;15.0;15.0;-0.00011215779182481614;1468.576170251819;20.852698555344308
2005-08-14-0800;-35.0;-42.5;15.0;15.0;-9.854338821055873e-05;1469.3019214002743;21.891135796156785
2005-08-14-0900;-35.0;-40.0;15.0;15.0;-8.664886821091934e-05;1470.821537553599;22.911641090242803
2005-08-14-1000;-35.0;-40.0;15.0;15.0;-8.349876789578634e-05;1478.052759479537;23.477401125988315
2005-08-14-1100;-35.0;-40.0;15.0;15.0;-8.947420901978324e-05;1476.3869574472426;23.890012879276483
2005-08-14-1200;-35.0;-40.0;15.0;15.0;-9.636853622814841e-05;1483.0350291638838;24.451026950226034
2005-08-14-1300;-35.0;-40.0;15.0;15.0;-9.863607450650412e-05;1481.8551856393367;23.784486537720717
2005-08-14-1400;-35.0;-40.0;15.0;15.0;-0.00012761124165424102;1479.4719973181464;23.06360263268488
2005-08-14-1500;-35.0;-35.0;15.0;15.0;-0.00014562582825433215;1478.4622392713109;22.47806218956034
2005-08-14-1600;-35.0;-35.0;15.0;15.0;-0.00013035763003949518;1471.1282490707838;22.38917308517006
2005-08-14-1700;-35.0;-35.0;15.0;15.0;-7.639958285929844e-05;1464.9442278963766;23.655422376722797
2005-08-14-1800;-35.0;-35.0;15.0;15.0;-9.417703000544171e-05;1463.5620344358165;24.464918294621476
2005-08-14-1900;-35.0;-35.0;15.0;15.0;-7.508045325716434e-05;1455.8034280309791;22.33180327134475
2005-08-14-2000;-35.0;-35.0;15.0;15.0;-9.535578266051968e-05;1445.1776664304325;20.1008616395795
2005-08-14-2100;-35.0;-35.0;15.0;15.0;-0.00010375943919333199;1440.5100747961842;19.26481755638494
2005-08-14-2200;-35.0;-35.0;15.0;15.0;-0.00011546091810023619;1434.1918175421781;19.62478082913981
2005-08-14-2300;-35.0;-35.0;15.0;15.0;-0.00010915425462364108;1429.481206630195;21.2406594324277
2005-08-15-0000;-35.0;-35.0;15.0;15.0;-0.00014337752730548748;1417.906630959604;22.734367462494713
2005-08-15-0100;-35.0;-35.0;15.0;15.0;-0.0001723123917216121;1405.6298054126537;24.227688267556797
2005-08-15-0200;-35.0;-35.0;15.0;15.0;-0.00020372678623008431;1390.7989094135103;25.124874066653597
2005-08-15-0300;-35.0;-35.0;15.0;15.0;-0.00025330352135950453;1375.0088428515346;25.13138600079237
2005-08-15-0400;-35.0;-35.0;15.0;15.0;-0.0002707741815558609;1357.5613391168238;26.506766545986082
2005-08-15-0500;-35.0;-35.0;15.0;15.0;-0.00015472364098761282;1341.9883605767516;29.013895151932466
2005-08-15-0600;-35.0;-35.0;15.0;15.0;-0.0001313052076233378;1316.6978051883161;29.420613284430924
2005-08-15-0700;-35.0;-35.0;15.0;15.0;-0.00021457455875481762;1295.288544635528;29.187172364929975
2005-08-15-0800;-35.0;-35.0;15.0;15.0;-0.00022849579656743015;1279.3789800798438;29.95980246090646
2005-08-15-0900;-35.0;-35.0;15.0;15.0;-0.00022204994333871296;1262.7771238139426;30.77251117727983
2005-08-15-1000;-35.0;-35.0;15.0;15.0;-0.0002839219170863556;1246.0485996747107;29.88462677280399
2005-08-15-1100;-35.0;-35.0;15.0;15.0;-0.00038600730020044627;1240.5819647891992;30.42710982124368
2005-08-15-1200;-35.0;-35.0;15.0;15.0;-0.00038426659807078937;1236.5783836733237;32.072799157610675
2005-08-15-1300;-35.0;-35.0;15.0;15.0;-0.00036237858545066457;1237.3571122656565;34.79616987227658
2005-08-15-1400;-35.0;-35.0;15.0;15.0;-0.00030626966847917774;1239.5909280947112;35.87830338701653
2005-08-15-1500;-35.0;-35.0;15.0;15.0;-0.00023451359299730054;1241.8550167488388;37.88122450487426
2005-08-15-1600;-35.0;-35.0;15.0;15.0;-0.00020263195510513435;1247.6737723891442;39.22116194737584
2005-08-15-1700;-35.0;-35.0;15.0;15.0;-0.0001881095418875404;1254.1418004619316;40.44230292440479
2005-08-15-1800;-35.0;-35.0;15.0;15.0;-0.00018926967438499313;1263.4164380802824;40.216403231830114
