time;Lat;Lon;length;width;min_zeta_850;min_hgt_850;max_wind_850
2004-03-21-0100;-26.275434243176175;-40.31038047973532;11.761786600496272;15.747725392886679;-0.00011906069395567502;0.0;20.488147735595703
2004-03-21-0200;-27.647642679900738;-40.01633581472291;11.631100082712983;16.07444168734491;-0.0001229478835837706;0.0;21.06491470336914
2004-03-21-0300;-27.288254755996686;-39.39557485525228;11.043010752688168;17.185277088502893;-0.00012496421881028665;0.0;20.770252227783203
2004-03-21-0400;-28.137717121588086;-40.212365591397855;11.565756823821339;17.51199338296113;-0.00012503356305807717;0.0;20.173587799072266
2004-03-21-0500;-28.235732009925556;-39.72229114971051;12.415219189412738;18.230769230769226;-0.00014651655780283522;0.0;20.476741790771484
2004-03-21-0600;-28.725806451612897;-39.297559966914804;13.656741108354012;20.12572373862696;-0.00014630372588521863;0.0;21.348918914794922
2004-03-21-0700;-29.052522746071126;-39.820306038047974;13.003308519437553;18.426799007444167;-0.00015925215486536446;0.0;22.08409309387207
2004-03-21-0800;-29.248552522746067;-39.26488833746898;16.66253101736973;20.191066997518604;-0.0001803782165331975;0.0;22.96413230895996
2004-03-21-0900;-27.94168734491315;-40.37572373862697;15.61703887510339;19.406947890818856;-0.00018355732921491858;0.0;23.25467872619629
2004-03-21-1000;-29.08519437551695;-39.59160463192721;17.511993382961123;17.577336641852774;-0.00018211094602813325;0.0;23.47955322265625
2004-03-21-1100;-28.627791563275427;-39.88564929693962;16.07444168734491;18.426799007444167;-0.00016619196308430918;0.0;24.627531051635742
2004-03-21-1200;-28.660463192721252;-39.39557485525228;17.44665012406948;20.321753515301907;-0.00014187048488027796;0.0;25.198932647705078
2004-03-21-1300;-29.653678575499296;-38.87282878411911;17.773366418527708;22.15136476426798;-0.0001389755525236297;0.0;25.484394073486328
2004-03-21-1400;-28.856492969396193;-39.558933002481396;18.753515301902397;22.608767576509514;-0.00013828075000121197;0.0;25.96504020690918
2004-03-21-1500;-29.477253928866826;-39.06885856079405;18.165425971877575;22.020678246484692;-0.00011937263337032203;0.0;25.298681259155273
2004-03-21-1600;-30.62076095947063;-39.33023159636063;16.13978494623656;19.276261373035567;-0.0001124649838242588;0.0;24.11513900756836
2004-03-21-1700;-30.06397575780063;-38.74214226633582;15.94375516956162;19.145574855252278;-0.00010339907413573265;0.0;23.315536499023438
2004-03-21-1800;-31.339536807278737;-38.80748552522746;13.526054590570716;16.923904052936308;-0.00010436973119802981;0.0;23.26896095275879
2004-03-21-1900;-30.882133995037215;-38.44809760132341;15.355665839536798;18.296112489660878;-0.00010442174202253159;0.0;23.427574157714844
2004-03-21-2000;-31.437551695616207;-38.25206782464847;14.375516956162116;16.727874276261375;-0.00011017507791010585;0.0;24.10774803161621
2004-03-21-2100;-31.176178660049622;-37.69665012406948;15.421009098428456;20.45244003308519;-0.00011610859610660483;0.0;24.767972946166992
2004-03-21-2200;-31.731596360628615;-37.990694789081886;14.571546732837053;17.381306865177834;-0.00011596834632621018;0.0;24.922809600830078
2004-03-21-2300;-32.58105872622001;-36.977874276261375;13.918114143920597;17.96939619520265;-0.00011590006233322273;0.0;24.787097930908203
2004-03-22-0000;-31.741545204602595;-38.38275434243177;14.114143920595541;16.3358147229115;-0.00012995986713753327;0.0;24.921733856201172
2004-03-22-0100;-31.40488006617038;-37.990694789081886;15.486352357320094;17.11993382961125;-0.00013539354344877582;0.0;25.488773345947266
2004-03-22-0200;-31.27419354838709;-38.44809760132341;14.310173697270468;17.64267990074441;-0.0001555564484049348;0.0;26.546056747436523
2004-03-22-0300;-30.228701406120752;-39.1342018196857;15.355665839536805;15.878411910669975;-0.00010873286205559713;0.0;28.332738876342773
2004-03-22-0400;-30.751447477253926;-38.480769230769226;15.09429280397022;16.531844499586434;-0.0001099332340889979;0.0;29.792266845703125
2004-03-22-0500;-31.110835401157978;-38.644127377998345;15.159636062861864;16.466501240694782;-0.0001127517582670162;0.0;30.314695358276367
2004-03-22-0600;-30.130686517783285;-38.513440860215056;15.551695616211738;16.59718775847808;-0.00011402128269239477;0.0;30.608484268188477
2004-03-22-0700;-30.953601572967177;-38.513440860215056;15.42100909842845;15.028949545078575;-0.00012653973302651587;0.0;30.9974365234375
2004-03-22-0800;-30.5244331469967;-38.28473945409429;14.767576509511997;15.878411910669968;-0.00012713460407590648;0.0;31.290058135986328
2004-03-22-0900;-30.846281646244655;-37.108560794044664;13.656741108354009;17.96939619520264;-0.0001317417144122647;0.0;32.192588806152344
2004-03-22-1000;-31.176178660049622;-37.20657568238214;12.15384615384615;15.682382133995034;-0.00020606340098314757;0.0;37.43352508544922
2004-03-22-1100;-30.424731182795696;-37.95802315963606;11.957816377171216;15.09429280397022;-0.00022430288839480998;0.0;38.50937271118164
2004-03-22-1200;-31.568238213399496;-35.40963606286187;12.284532671629446;16.923904052936308;-0.00021877522201048212;0.0;39.158592224121094
2004-03-22-1300;-31.1435070306038;-37.304590570719604;13.787427626137301;16.531844499586427;-0.00020932973900172506;0.0;39.273704528808594
2004-03-22-1400;-30.858591814690286;-36.36195896783643;13.943531070570344;17.79002240038286;-0.00015072950666975292;0.0;40.27027893066406
2004-03-22-1500;-30.39205955334987;-37.0105459057072;13.199338296112494;16.074441687344915;-0.0001176310652970338;0.0;43.31448745727539
2004-03-22-1600;-30.721433065207957;-36.66414191334532;13.535458461520754;16.902146099157896;-0.00014153857819454985;0.0;44.99216842651367
2004-03-22-1700;-30.816790736145567;-36.814516129032256;14.179487179487175;17.64267990074441;-0.00013526352275543892;0.0;44.78529739379883
2004-03-22-1800;-30.71115091163947;-35.89971050454922;13.199338296112487;16.46650124069479;-8.883852515391825e-05;0.0;41.406471252441406
2004-03-22-1900;-30.980148883374685;-34.91956162117452;13.330024813895783;17.511993382961123;-7.801882138379316e-05;0.0;34.744258880615234
2004-03-22-2000;-30.882133995037215;-36.42245657568238;13.39536807278743;15.551695616211745;-7.680461272251027e-05;0.0;30.033823013305664
2004-03-22-2100;-30.55541770057899;-35.703680727874286;14.048800661703886;15.29032258064516;-7.348529758626251e-05;0.0;29.106456756591797
2004-03-22-2200;-30.196029776674933;-36.09574028122415;12.676592224979316;16.07444168734491;-7.380216085829627e-05;0.0;27.10985565185547
2004-03-22-2300;-30.49007444168734;-35.76902398676593;13.133995037220842;15.42100909842845;-9.776929062388758e-05;0.0;27.685523986816406
2004-03-23-0000;-30.395446994216172;-35.180934656741115;13.460711331679068;15.29032258064516;-9.65947420592543e-05;0.0;28.33609962463379
