time;Lat;Lon;length;width;min_max_zeta_850;min_hgt_850;max_wind_850
2005-08-08-0000;-22.5;-45.0;15;15;;;
2005-08-08-0600;-22.5;-45.0;15;15;;;
2005-08-08-1200;-22.5;-45.0;15;15;;;
2005-08-08-1800;-22.5;-45.0;15;15;;;
2005-08-09-0000;-22.5;-45.0;15;15;;;
2005-08-09-0600;-22.5;-45.0;15;15;;;
2005-08-09-1200;-22.5;-45.0;15;15;;;
2005-08-09-1800;-22.5;-45.0;15;15;;;
2005-08-10-0000;-22.5;-45.0;15;15;;;
2005-08-10-0600;-27.0;-45.0;15;15;;;
2005-08-10-1200;-27.5;-45.0;15;15;;;
2005-08-10-1800;-27.5;-45.0;15;15;;;
2005-08-11-0000;-28.0;-45.0;15;15;;;
2005-08-11-0600;-29.0;-45.0;15;15;;;
2005-08-11-1200;-29.0;-45.0;15;15;;;
2005-08-11-1800;-30.0;-45.0;15;15;;;
2005-08-12-0000;-30.0;-45.0;15;15;;;
2005-08-12-0600;-32.5;-42.5;15;15;;;
2005-08-12-1200;-32.5;-44.0;15;15;;;
2005-08-12-1800;-32.5;-42.5;15;15;;;
2005-08-13-0000;-35.0;-42.5;15;15;;;
2005-08-13-0600;-35.0;-42.5;15;15;;;
2005-08-13-1200;-36.0;-42.5;15;15;;;
2005-08-13-1800;-36.0;-42.5;15;15;;;
2005-08-14-0000;-35.0;-42.5;15;15;;;
2005-08-14-0600;-35.0;-42.5;15;15;;;
2005-08-14-1200;-35.0;-40.0;15;15;;;
2005-08-14-1800;-35.0;-35.0;15;15;;;
2005-08-15-0000;-35.0;-35.0;15;15;;;
2005-08-15-0600;-35.0;-35.0;15;15;;;
2005-08-15-1200;-35.0;-35.0;15;15;;;
2005-08-15-1800;-35.0;-35.0;15;15;;;
